ANP,ecstasy,joy,serenity,admiration,trust,acceptance,terror,fear,apprehension,amazement,surprise,distraction,grief,sadness,pensiveness,loathing,disgust,boredom,rage,anger,annoyance,vigilance,anticipation,interest
saubere_energie,0.0401108605467,0.0632688766807,0.0542921912926,0.0401108605467,0.0401108605467,0.0401108605467,0.0401108605467,0.0401108605467,0.0401108605467,0.0401108605467,0.0401108605467,0.0401108605467,0.0401108605467,0.0401108605467,0.0401108605467,0.0401108605467,0.0401108605467,0.0401108605467,0.0401108605467,0.0401108605467,0.0401108605467,0.0401108605467,0.0401108605467,0.0401108605467
kleine_figuren,0.040321333633,0.040321333633,0.0545770778522,0.040321333633,0.040321333633,0.040321333633,0.040321333633,0.040321333633,0.040321333633,0.040321333633,0.040321333633,0.040321333633,0.0583535822223,0.040321333633,0.040321333633,0.040321333633,0.040321333633,0.040321333633,0.040321333633,0.040321333633,0.040321333633,0.040321333633,0.040321333633,0.040321333633
orthodoxer_priester,0.0408163265306,0.0408163265306,0.0612244897959,0.0408163265306,0.0408163265306,0.0408163265306,0.0408163265306,0.0408163265306,0.0408163265306,0.0408163265306,0.0408163265306,0.0408163265306,0.0408163265306,0.0408163265306,0.0408163265306,0.0408163265306,0.0408163265306,0.0408163265306,0.0408163265306,0.0408163265306,0.0408163265306,0.0408163265306,0.0408163265306,0.0408163265306
welke_blätter,0.0406299718815,0.0406299718815,0.0406299718815,0.0406299718815,0.0406299718815,0.0406299718815,0.0406299718815,0.0406299718815,0.0406299718815,0.0406299718815,0.0406299718815,0.0406299718815,0.0406299718815,0.0406299718815,0.0406299718815,0.0406299718815,0.0406299718815,0.0655106467249,0.0406299718815,0.0406299718815,0.0406299718815,0.0406299718815,0.0406299718815,0.0406299718815
gefärbtes_wasser,0.0403847835016,0.0403847835016,0.0403847835016,0.0403847835016,0.0403847835016,0.0403847835016,0.0403847835016,0.0403847835016,0.0403847835016,0.0403847835016,0.0403847835016,0.0403847835016,0.0403847835016,0.0403847835016,0.0403847835016,0.0568718023269,0.054662960637,0.0403847835016,0.0403847835016,0.0403847835016,0.0403847835016,0.0403847835016,0.0403847835016,0.0403847835016
sexy_beine,0.0336037057216,0.172832851938,0.045484409816,0.0336037057216,0.0336037057216,0.0336037057216,0.0473223611358,0.045484409816,0.0336037057216,0.0336037057216,0.0504055585825,0.0336037057216,0.0336037057216,0.0336037057216,0.0336037057216,0.0336037057216,0.0336037057216,0.0336037057216,0.0336037057216,0.0336037057216,0.0336037057216,0.0336037057216,0.0336037057216,0.0336037057216
warm_wasser,0.0334492800455,0.0720731817225,0.0913851325609,0.0334492800455,0.052761230884,0.0460919195505,0.0471048914413,0.0334492800455,0.0334492800455,0.0334492800455,0.0501739200683,0.0334492800455,0.0456632301877,0.0445990400607,0.0484082528415,0.0334492800455,0.0334492800455,0.0334492800455,0.0334492800455,0.0334492800455,0.0334492800455,0.0334492800455,0.0334492800455,0.0334492800455
passives_einkommen,0.0416666666667,0.0416666666667,0.0416666666667,0.0416666666667,0.0416666666667,0.0416666666667,0.0416666666667,0.0416666666667,0.0416666666667,0.0416666666667,0.0416666666667,0.0416666666667,0.0416666666667,0.0416666666667,0.0416666666667,0.0416666666667,0.0416666666667,0.0416666666667,0.0416666666667,0.0416666666667,0.0416666666667,0.0416666666667,0.0416666666667,0.0416666666667
alter_feuerwehr,0.034376733914,0.034376733914,0.034376733914,0.034376733914,0.034376733914,0.034376733914,0.034376733914,0.0998280853163,0.034376733914,0.034376733914,0.034376733914,0.034376733914,0.0821756426903,0.0960848597999,0.034376733914,0.034376733914,0.034376733914,0.034376733914,0.034376733914,0.034376733914,0.034376733914,0.034376733914,0.034376733914,0.034376733914
erfolgreiche_integration,0.0395788175056,0.0395788175056,0.0535720426304,0.0607345853455,0.0395788175056,0.0545382044064,0.0395788175056,0.0395788175056,0.0395788175056,0.0395788175056,0.0395788175056,0.0395788175056,0.0395788175056,0.0395788175056,0.0395788175056,0.0395788175056,0.0395788175056,0.0395788175056,0.0395788175056,0.0395788175056,0.0395788175056,0.0395788175056,0.0395788175056,0.0395788175056
schöne_idee,0.0394999362097,0.0717514990718,0.0394999362097,0.0394999362097,0.0394999362097,0.0394999362097,0.0394999362097,0.0394999362097,0.0394999362097,0.0394999362097,0.0592499043146,0.0394999362097,0.0394999362097,0.0394999362097,0.0394999362097,0.0394999362097,0.0394999362097,0.0394999362097,0.0394999362097,0.0394999362097,0.0394999362097,0.0394999362097,0.0394999362097,0.0394999362097
bayerische_landtagswahl,0.0416666666667,0.0416666666667,0.0416666666667,0.0416666666667,0.0416666666667,0.0416666666667,0.0416666666667,0.0416666666667,0.0416666666667,0.0416666666667,0.0416666666667,0.0416666666667,0.0416666666667,0.0416666666667,0.0416666666667,0.0416666666667,0.0416666666667,0.0416666666667,0.0416666666667,0.0416666666667,0.0416666666667,0.0416666666667,0.0416666666667,0.0416666666667
junge_presse,0.0346324114133,0.0487710341674,0.169320882689,0.0346324114133,0.0546274434654,0.0346324114133,0.0346324114133,0.0346324114133,0.0346324114133,0.0346324114133,0.0346324114133,0.0346324114133,0.0346324114133,0.0346324114133,0.0346324114133,0.0346324114133,0.0346324114133,0.0346324114133,0.0346324114133,0.0346324114133,0.0346324114133,0.0346324114133,0.0346324114133,0.0346324114133
erneuerbare_energien,0.0354179712013,0.0354179712013,0.0354179712013,0.0354179712013,0.0354179712013,0.0354179712013,0.0354179712013,0.0354179712013,0.0354179712013,0.0354179712013,0.0354179712013,0.0354179712013,0.0354179712013,0.108194983745,0.0354179712013,0.0354179712013,0.112609649827,0.0354179712013,0.0354179712013,0.0354179712013,0.0354179712013,0.0354179712013,0.0354179712013,0.0354179712013
frische_kräuter,0.0410617696712,0.0410617696712,0.0555792975622,0.0410617696712,0.0410617696712,0.0410617696712,0.0410617696712,0.0410617696712,0.0410617696712,0.0410617696712,0.0410617696712,0.0410617696712,0.0410617696712,0.0410617696712,0.0410617696712,0.0410617696712,0.0410617696712,0.0410617696712,0.0410617696712,0.0410617696712,0.0410617696712,0.0410617696712,0.0410617696712,0.0410617696712
leuchtende_nachtwolken,0.0416666666667,0.0416666666667,0.0416666666667,0.0416666666667,0.0416666666667,0.0416666666667,0.0416666666667,0.0416666666667,0.0416666666667,0.0416666666667,0.0416666666667,0.0416666666667,0.0416666666667,0.0416666666667,0.0416666666667,0.0416666666667,0.0416666666667,0.0416666666667,0.0416666666667,0.0416666666667,0.0416666666667,0.0416666666667,0.0416666666667,0.0416666666667
beste_frau,0.0445833826684,0.17397025056,0.0329380303564,0.0329380303564,0.0732787141091,0.0329380303564,0.0329380303564,0.0329380303564,0.0329380303564,0.0329380303564,0.0494070455346,0.0329380303564,0.0329380303564,0.0329380303564,0.0329380303564,0.0329380303564,0.0329380303564,0.0329380303564,0.0329380303564,0.0329380303564,0.0329380303564,0.0329380303564,0.0329380303564,0.0329380303564
leere_raum,0.0372840122463,0.0372840122463,0.0372840122463,0.0372840122463,0.0372840122463,0.0372840122463,0.0803358812601,0.0745680244926,0.0372840122463,0.0372840122463,0.0372840122463,0.0372840122463,0.0469107028136,0.0372840122463,0.0372840122463,0.0525051465075,0.0372840122463,0.0372840122463,0.0372840122463,0.0372840122463,0.0372840122463,0.0372840122463,0.0372840122463,0.0372840122463
liebe_katze,0.038969950194,0.0695072561874,0.0575816963923,0.0441802038854,0.0575816963923,0.0287908481962,0.0522984773103,0.0491490521918,0.0287908481962,0.0287908481962,0.0287908481962,0.0287908481962,0.0829094745721,0.0287908481962,0.0287908481962,0.115959469932,0.0287908481962,0.0287908481962,0.0287908481962,0.0287908481962,0.0287908481962,0.0287908481962,0.0287908481962,0.0287908481962
lecker_essen,0.0353733993945,0.089407159499,0.0530600990918,0.0353733993945,0.0353733993945,0.0353733993945,0.0498145292253,0.0478797846873,0.0353733993945,0.0353733993945,0.0353733993945,0.0353733993945,0.0482899385839,0.0353733993945,0.0353733993945,0.0498145292253,0.0478797846873,0.0478797846873,0.0353733993945,0.0353733993945,0.0353733993945,0.0353733993945,0.0353733993945,0.0353733993945
kurze_pause,0.0374822130751,0.0374822130751,0.0671145043404,0.0374822130751,0.0374822130751,0.0374822130751,0.0374822130751,0.0374822130751,0.0374822130751,0.0374822130751,0.0374822130751,0.0374822130751,0.0511687821461,0.0374822130751,0.0374822130751,0.0374822130751,0.0374822130751,0.0374822130751,0.0374822130751,0.0374822130751,0.0374822130751,0.0680863118966,0.0374822130751,0.0639861401144
alte_hände,0.0382916486204,0.0539241487087,0.0518297908215,0.0382916486204,0.0765832972408,0.0382916486204,0.0382916486204,0.0382916486204,0.0382916486204,0.0382916486204,0.0382916486204,0.0382916486204,0.0382916486204,0.0382916486204,0.0382916486204,0.0382916486204,0.0382916486204,0.0518297908215,0.0382916486204,0.0382916486204,0.0382916486204,0.0382916486204,0.0382916486204,0.0382916486204
bewegende_wolken,0.0408163265306,0.0408163265306,0.0612244897959,0.0408163265306,0.0408163265306,0.0408163265306,0.0408163265306,0.0408163265306,0.0408163265306,0.0408163265306,0.0408163265306,0.0408163265306,0.0408163265306,0.0408163265306,0.0408163265306,0.0408163265306,0.0408163265306,0.0408163265306,0.0408163265306,0.0408163265306,0.0408163265306,0.0408163265306,0.0408163265306,0.0408163265306
einzelnes_tier,0.0383317426267,0.0383317426267,0.0383317426267,0.0528197795281,0.0383317426267,0.0383317426267,0.0383317426267,0.0383317426267,0.0383317426267,0.0383317426267,0.0383317426267,0.0383317426267,0.0383317426267,0.0383317426267,0.0383317426267,0.0383317426267,0.0383317426267,0.0383317426267,0.0383317426267,0.0383317426267,0.0383317426267,0.0696294794224,0.0504533039651,0.0604625845507
dunkles_haar,0.0392104838816,0.0392104838816,0.0530734834047,0.0392104838816,0.0712257099074,0.0392104838816,0.0392104838816,0.0392104838816,0.0392104838816,0.0392104838816,0.0392104838816,0.0392104838816,0.0392104838816,0.0522806451754,0.0392104838816,0.0392104838816,0.0392104838816,0.0392104838816,0.0392104838816,0.0392104838816,0.0392104838816,0.0392104838816,0.0392104838816,0.0392104838816
alte_musik,0.0353259571652,0.0603051810287,0.0897669134197,0.0353259571652,0.0706519143305,0.0353259571652,0.0353259571652,0.0569585995978,0.0353259571652,0.0353259571652,0.0353259571652,0.0353259571652,0.0511242054836,0.0353259571652,0.0353259571652,0.0353259571652,0.0353259571652,0.0353259571652,0.0353259571652,0.0353259571652,0.0353259571652,0.0353259571652,0.0353259571652,0.0353259571652
wandelndes_blatt,0.0391794209388,0.0391794209388,0.0391794209388,0.0391794209388,0.0391794209388,0.0391794209388,0.0711692841781,0.0668834551676,0.0391794209388,0.0391794209388,0.0391794209388,0.0391794209388,0.0391794209388,0.0391794209388,0.0391794209388,0.0391794209388,0.0391794209388,0.0391794209388,0.0391794209388,0.0391794209388,0.0391794209388,0.0391794209388,0.0391794209388,0.0391794209388
altes_radio,0.0309438084861,0.0309438084861,0.0309438084861,0.0309438084861,0.0309438084861,0.0309438084861,0.0435765654009,0.0418840968942,0.0309438084861,0.0309438084861,0.165824742605,0.0309438084861,0.0666746408044,0.0309438084861,0.0309438084861,0.0941075930604,0.0309438084861,0.0309438084861,0.0309438084861,0.0309438084861,0.0309438084861,0.0309438084861,0.0309438084861,0.0309438084861
natur_ereignisse,0.0381526631786,0.053728422698,0.0651306700326,0.0381526631786,0.053728422698,0.0381526631786,0.0381526631786,0.0516416666056,0.0381526631786,0.0381526631786,0.0381526631786,0.0381526631786,0.0381526631786,0.0508702175715,0.0381526631786,0.0381526631786,0.0381526631786,0.0381526631786,0.0381526631786,0.0381526631786,0.0381526631786,0.0381526631786,0.0381526631786,0.0381526631786
ewige_stadt,0.0395600615736,0.0395600615736,0.0395600615736,0.0395600615736,0.0756732917405,0.0395600615736,0.0395600615736,0.0395600615736,0.0395600615736,0.0395600615736,0.0395600615736,0.0395600615736,0.0540053536404,0.0395600615736,0.0395600615736,0.0395600615736,0.0395600615736,0.0395600615736,0.0395600615736,0.0395600615736,0.0395600615736,0.0395600615736,0.0395600615736,0.0395600615736
christliche_religion,0.0371873991008,0.0523690912106,0.0371873991008,0.0371873991008,0.106758652371,0.0371873991008,0.0371873991008,0.0503351301403,0.0371873991008,0.0371873991008,0.0371873991008,0.0371873991008,0.0467891442613,0.0371873991008,0.0371873991008,0.0371873991008,0.0371873991008,0.0371873991008,0.0371873991008,0.0371873991008,0.0371873991008,0.0371873991008,0.0371873991008,0.0371873991008
christlicher_garten,0.0404741845679,0.0404741845679,0.0404741845679,0.0404741845679,0.0690937549388,0.0404741845679,0.0404741845679,0.0404741845679,0.0404741845679,0.0404741845679,0.0404741845679,0.0404741845679,0.0404741845679,0.0404741845679,0.0404741845679,0.0404741845679,0.0404741845679,0.0404741845679,0.0404741845679,0.0404741845679,0.0404741845679,0.0404741845679,0.0404741845679,0.0404741845679
gute_architektur,0.0385854538368,0.0543378994025,0.0522274718684,0.0385854538368,0.0831400981558,0.0385854538368,0.0385854538368,0.0385854538368,0.0385854538368,0.0385854538368,0.0385854538368,0.0385854538368,0.0385854538368,0.0385854538368,0.0385854538368,0.0385854538368,0.0385854538368,0.0385854538368,0.0385854538368,0.0385854538368,0.0385854538368,0.0385854538368,0.0385854538368,0.0385854538368
goldene_frau,0.0397354458831,0.0559573737357,0.0397354458831,0.0397354458831,0.0397354458831,0.0397354458831,0.0397354458831,0.0397354458831,0.0397354458831,0.0397354458831,0.0596031688247,0.0397354458831,0.0499950938938,0.0397354458831,0.0397354458831,0.0397354458831,0.0397354458831,0.0397354458831,0.0397354458831,0.0397354458831,0.0397354458831,0.0397354458831,0.0397354458831,0.0397354458831
altes_eisen,0.040147343496,0.040147343496,0.040147343496,0.040147343496,0.0565374278449,0.040147343496,0.040147343496,0.040147343496,0.040147343496,0.040147343496,0.0602210152439,0.040147343496,0.040147343496,0.040147343496,0.040147343496,0.040147343496,0.040147343496,0.040147343496,0.040147343496,0.040147343496,0.040147343496,0.040147343496,0.040147343496,0.040147343496
gewöhnliche_rosskastanie,0.0416666666667,0.0416666666667,0.0416666666667,0.0416666666667,0.0416666666667,0.0416666666667,0.0416666666667,0.0416666666667,0.0416666666667,0.0416666666667,0.0416666666667,0.0416666666667,0.0416666666667,0.0416666666667,0.0416666666667,0.0416666666667,0.0416666666667,0.0416666666667,0.0416666666667,0.0416666666667,0.0416666666667,0.0416666666667,0.0416666666667,0.0416666666667
letzter_sonnenstrahl,0.0406299718815,0.0406299718815,0.0655106467249,0.0406299718815,0.0406299718815,0.0406299718815,0.0406299718815,0.0406299718815,0.0406299718815,0.0406299718815,0.0406299718815,0.0406299718815,0.0406299718815,0.0406299718815,0.0406299718815,0.0406299718815,0.0406299718815,0.0406299718815,0.0406299718815,0.0406299718815,0.0406299718815,0.0406299718815,0.0406299718815,0.0406299718815
große_elbstraße,0.0416666666667,0.0416666666667,0.0416666666667,0.0416666666667,0.0416666666667,0.0416666666667,0.0416666666667,0.0416666666667,0.0416666666667,0.0416666666667,0.0416666666667,0.0416666666667,0.0416666666667,0.0416666666667,0.0416666666667,0.0416666666667,0.0416666666667,0.0416666666667,0.0416666666667,0.0416666666667,0.0416666666667,0.0416666666667,0.0416666666667,0.0416666666667
alte_schuhe,0.0397297582298,0.0559493641076,0.0397297582298,0.0397297582298,0.0397297582298,0.0397297582298,0.0559493641076,0.0537763489594,0.0397297582298,0.0397297582298,0.0397297582298,0.0397297582298,0.0397297582298,0.0397297582298,0.0397297582298,0.0397297582298,0.0397297582298,0.0397297582298,0.0397297582298,0.0397297582298,0.0397297582298,0.0397297582298,0.0397297582298,0.0397297582298
alte_museum,0.0374614043296,0.0374614043296,0.0725033393867,0.0374614043296,0.0374614043296,0.0374614043296,0.0374614043296,0.0561921064944,0.0374614043296,0.0374614043296,0.0374614043296,0.0374614043296,0.051140375121,0.0590897562035,0.0374614043296,0.0374614043296,0.0374614043296,0.0374614043296,0.0374614043296,0.0374614043296,0.0374614043296,0.0374614043296,0.0493077405326,0.0374614043296
süßes_mädchen,0.0279350781209,0.138505302733,0.0279350781209,0.0279350781209,0.0279350781209,0.0279350781209,0.0279350781209,0.0378116197071,0.0279350781209,0.052920971575,0.0476881612932,0.0279350781209,0.0279350781209,0.0279350781209,0.0279350781209,0.0279350781209,0.0279350781209,0.0855247169972,0.0279350781209,0.0279350781209,0.0279350781209,0.0279350781209,0.0952116551728,0.0674412444655
automobile_motorshow,0.0416666666667,0.0416666666667,0.0416666666667,0.0416666666667,0.0416666666667,0.0416666666667,0.0416666666667,0.0416666666667,0.0416666666667,0.0416666666667,0.0416666666667,0.0416666666667,0.0416666666667,0.0416666666667,0.0416666666667,0.0416666666667,0.0416666666667,0.0416666666667,0.0416666666667,0.0416666666667,0.0416666666667,0.0416666666667,0.0416666666667,0.0416666666667
moderne_mode,0.0406644039472,0.0406644039472,0.0406644039472,0.0406644039472,0.0406644039472,0.0406644039472,0.0406644039472,0.0406644039472,0.0406644039472,0.0406644039472,0.0406644039472,0.0406644039472,0.0511639078986,0.0406644039472,0.0406644039472,0.0406644039472,0.0406644039472,0.0406644039472,0.0542192052629,0.0406644039472,0.0406644039472,0.0406644039472,0.0406644039472,0.0406644039472
stehender_buddha,0.0404741845679,0.0404741845679,0.0690937549388,0.0404741845679,0.0404741845679,0.0404741845679,0.0404741845679,0.0404741845679,0.0404741845679,0.0404741845679,0.0404741845679,0.0404741845679,0.0404741845679,0.0404741845679,0.0404741845679,0.0404741845679,0.0404741845679,0.0404741845679,0.0404741845679,0.0404741845679,0.0404741845679,0.0404741845679,0.0404741845679,0.0404741845679
echte_schlüsselblume,0.0416666666667,0.0416666666667,0.0416666666667,0.0416666666667,0.0416666666667,0.0416666666667,0.0416666666667,0.0416666666667,0.0416666666667,0.0416666666667,0.0416666666667,0.0416666666667,0.0416666666667,0.0416666666667,0.0416666666667,0.0416666666667,0.0416666666667,0.0416666666667,0.0416666666667,0.0416666666667,0.0416666666667,0.0416666666667,0.0416666666667,0.0416666666667
kleines_kind,0.02078816229,0.126787407459,0.0372226475915,0.02078816229,0.0757884699236,0.02078816229,0.0292748940068,0.0428373380756,0.0311822434351,0.0339357505312,0.0354876128137,0.02078816229,0.0441844670361,0.0532898702977,0.0368906035596,0.0327902133842,0.02078816229,0.0636440567322,0.0327902133842,0.0451644432958,0.0453850476204,0.02078816229,0.0653738032569,0.0432419438564
regenerative_energie,0.0388174915829,0.0388174915829,0.0388174915829,0.0388174915829,0.0388174915829,0.0388174915829,0.0705118407404,0.0388174915829,0.0525415473463,0.0388174915829,0.0388174915829,0.0388174915829,0.0488401248123,0.0517566554438,0.0388174915829,0.0388174915829,0.0388174915829,0.0388174915829,0.0388174915829,0.0388174915829,0.0388174915829,0.0388174915829,0.0388174915829,0.0388174915829
radialer_weichzeichner,0.0409697569485,0.0576955901835,0.0409697569485,0.0409697569485,0.0409697569485,0.0409697569485,0.0409697569485,0.0409697569485,0.0409697569485,0.0409697569485,0.0409697569485,0.0409697569485,0.0409697569485,0.0409697569485,0.0409697569485,0.0409697569485,0.0409697569485,0.0409697569485,0.0409697569485,0.0409697569485,0.0409697569485,0.0409697569485,0.0409697569485,0.0409697569485
weiches_licht,0.0340753571054,0.0861263248614,0.0807349614595,0.0340753571054,0.0651817600082,0.0340753571054,0.0340753571054,0.0549421665332,0.0340753571054,0.0340753571054,0.0340753571054,0.0340753571054,0.0516717958501,0.0340753571054,0.0340753571054,0.0479865633906,0.0340753571054,0.0340753571054,0.0340753571054,0.0340753571054,0.0340753571054,0.0340753571054,0.0340753571054,0.0340753571054
schlechte_stimmung,0.0376450792109,0.0530136184431,0.050954624605,0.0376450792109,0.0530136184431,0.0376450792109,0.0376450792109,0.0376450792109,0.0376450792109,0.0376450792109,0.0376450792109,0.0376450792109,0.0683821576753,0.0593794758269,0.0376450792109,0.0376450792109,0.0376450792109,0.0376450792109,0.0376450792109,0.0376450792109,0.0376450792109,0.0376450792109,0.0376450792109,0.0376450792109
ewige_liebe,0.0337939865371,0.0576899435809,0.045741965059,0.0650811385246,0.0854151536507,0.0337939865371,0.0337939865371,0.045741965059,0.0337939865371,0.0337939865371,0.0506909798057,0.0337939865371,0.0512451261452,0.0337939865371,0.0337939865371,0.0576899435809,0.0337939865371,0.0337939865371,0.0337939865371,0.0337939865371,0.0337939865371,0.0337939865371,0.0337939865371,0.0337939865371
religiöse_symbole,0.0384523405348,0.0606528096935,0.0619994939663,0.0384523405348,0.0384523405348,0.0384523405348,0.0384523405348,0.0384523405348,0.0384523405348,0.0384523405348,0.0384523405348,0.0384523405348,0.0698485451101,0.0384523405348,0.0384523405348,0.0384523405348,0.0384523405348,0.0384523405348,0.0384523405348,0.0384523405348,0.0384523405348,0.0384523405348,0.0384523405348,0.0384523405348
rassistische_zustände,0.0416666666667,0.0416666666667,0.0416666666667,0.0416666666667,0.0416666666667,0.0416666666667,0.0416666666667,0.0416666666667,0.0416666666667,0.0416666666667,0.0416666666667,0.0416666666667,0.0416666666667,0.0416666666667,0.0416666666667,0.0416666666667,0.0416666666667,0.0416666666667,0.0416666666667,0.0416666666667,0.0416666666667,0.0416666666667,0.0416666666667,0.0416666666667
große_moschee,0.0416666666667,0.0416666666667,0.0416666666667,0.0416666666667,0.0416666666667,0.0416666666667,0.0416666666667,0.0416666666667,0.0416666666667,0.0416666666667,0.0416666666667,0.0416666666667,0.0416666666667,0.0416666666667,0.0416666666667,0.0416666666667,0.0416666666667,0.0416666666667,0.0416666666667,0.0416666666667,0.0416666666667,0.0416666666667,0.0416666666667,0.0416666666667
sozialdemokratische_partei,0.0398120330774,0.0398120330774,0.0398120330774,0.0398120330774,0.0398120330774,0.0398120330774,0.0398120330774,0.0398120330774,0.0398120330774,0.0398120330774,0.0398120330774,0.0398120330774,0.0398120330774,0.0398120330774,0.0398120330774,0.0398120330774,0.0843232392192,0.0398120330774,0.0398120330774,0.0398120330774,0.0398120330774,0.0398120330774,0.0398120330774,0.0398120330774
alte_gitarre,0.0335534823216,0.0335534823216,0.0335534823216,0.0335534823216,0.0529255943722,0.0335534823216,0.0335534823216,0.0335534823216,0.0335534823216,0.0335534823216,0.0503302234824,0.0335534823216,0.0335534823216,0.0335534823216,0.0335534823216,0.0335534823216,0.0335534823216,0.0335534823216,0.192121053392,0.0335534823216,0.0335534823216,0.0335534823216,0.0335534823216,0.0335534823216
freie_wildbahn,0.0416666666667,0.0416666666667,0.0416666666667,0.0416666666667,0.0416666666667,0.0416666666667,0.0416666666667,0.0416666666667,0.0416666666667,0.0416666666667,0.0416666666667,0.0416666666667,0.0416666666667,0.0416666666667,0.0416666666667,0.0416666666667,0.0416666666667,0.0416666666667,0.0416666666667,0.0416666666667,0.0416666666667,0.0416666666667,0.0416666666667,0.0416666666667
alte_dom,0.0376673836449,0.0594146577319,0.0509848148473,0.0376673836449,0.0684226736034,0.0376673836449,0.0376673836449,0.0509848148473,0.0376673836449,0.0545127497178,0.0376673836449,0.0376673836449,0.0376673836449,0.0376673836449,0.0376673836449,0.0376673836449,0.0376673836449,0.0376673836449,0.0376673836449,0.0376673836449,0.0376673836449,0.0376673836449,0.0376673836449,0.0376673836449
alte_mode,0.0370689132415,0.0632805931657,0.0501747532036,0.0370689132415,0.0632805931657,0.0370689132415,0.0522022337016,0.0501747532036,0.0370689132415,0.0536466352135,0.0370689132415,0.0370689132415,0.0370689132415,0.0370689132415,0.0370689132415,0.0370689132415,0.0370689132415,0.0370689132415,0.0370689132415,0.0370689132415,0.0370689132415,0.0370689132415,0.0370689132415,0.0370689132415
kaputt_glasscheibe,0.0377451467161,0.0595373173333,0.0510900713161,0.0377451467161,0.0531545383363,0.0377451467161,0.0377451467161,0.0510900713161,0.0377451467161,0.0377451467161,0.0377451467161,0.0377451467161,0.0377451467161,0.0377451467161,0.0377451467161,0.0377451467161,0.0377451467161,0.0377451467161,0.0377451467161,0.0510900713161,0.0546252894917,0.0377451467161,0.0377451467161,0.0377451467161
pure_natur,0.0358264477086,0.050452533739,0.0797047057999,0.0358264477086,0.0565108569373,0.0358264477086,0.050452533739,0.0577655767543,0.0358264477086,0.0358264477086,0.0358264477086,0.0358264477086,0.0489084167521,0.0358264477086,0.0358264477086,0.0358264477086,0.0358264477086,0.0358264477086,0.0358264477086,0.0358264477086,0.0358264477086,0.0358264477086,0.0471557652318,0.0358264477086
volle_lippen,0.0409697569485,0.0576955901835,0.0409697569485,0.0409697569485,0.0409697569485,0.0409697569485,0.0409697569485,0.0409697569485,0.0409697569485,0.0409697569485,0.0409697569485,0.0409697569485,0.0409697569485,0.0409697569485,0.0409697569485,0.0409697569485,0.0409697569485,0.0409697569485,0.0409697569485,0.0409697569485,0.0409697569485,0.0409697569485,0.0409697569485,0.0409697569485
neugeborenes_kind,0.0384006270143,0.069754607677,0.0384006270143,0.0384006270143,0.0854315980083,0.0384006270143,0.0384006270143,0.0384006270143,0.0384006270143,0.0384006270143,0.0384006270143,0.0384006270143,0.0384006270143,0.0384006270143,0.0384006270143,0.0384006270143,0.0384006270143,0.0384006270143,0.0384006270143,0.0384006270143,0.0384006270143,0.0384006270143,0.0384006270143,0.0384006270143
kleine_beere,0.0393796184525,0.0554562803649,0.0393796184525,0.0393796184525,0.0393796184525,0.0393796184525,0.0393796184525,0.0393796184525,0.0393796184525,0.0393796184525,0.0393796184525,0.0393796184525,0.0393796184525,0.0393796184525,0.0393796184525,0.0393796184525,0.0393796184525,0.0393796184525,0.0393796184525,0.0393796184525,0.0393796184525,0.0621154517667,0.0393796184525,0.0554562803649
werdende_eltern,0.0411247998506,0.0411247998506,0.0411247998506,0.0411247998506,0.0411247998506,0.0411247998506,0.0411247998506,0.0411247998506,0.0411247998506,0.0411247998506,0.0411247998506,0.0411247998506,0.0411247998506,0.0411247998506,0.0411247998506,0.0411247998506,0.0411247998506,0.0411247998506,0.0411247998506,0.0411247998506,0.0411247998506,0.0411247998506,0.0541296034353,0.0411247998506
knorriger_baum,0.0408640214807,0.0408640214807,0.0408640214807,0.0408640214807,0.0408640214807,0.0408640214807,0.0408640214807,0.0408640214807,0.0408640214807,0.0408640214807,0.0408640214807,0.0408640214807,0.0408640214807,0.0601275059444,0.0408640214807,0.0408640214807,0.0408640214807,0.0408640214807,0.0408640214807,0.0408640214807,0.0408640214807,0.0408640214807,0.0408640214807,0.0408640214807
schlechte_sicht,0.0409697569485,0.0409697569485,0.0409697569485,0.0409697569485,0.0576955901835,0.0409697569485,0.0409697569485,0.0409697569485,0.0409697569485,0.0409697569485,0.0409697569485,0.0409697569485,0.0409697569485,0.0409697569485,0.0409697569485,0.0409697569485,0.0409697569485,0.0409697569485,0.0409697569485,0.0409697569485,0.0409697569485,0.0409697569485,0.0409697569485,0.0409697569485
gemeiner_spindelstrauch,0.0416666666667,0.0416666666667,0.0416666666667,0.0416666666667,0.0416666666667,0.0416666666667,0.0416666666667,0.0416666666667,0.0416666666667,0.0416666666667,0.0416666666667,0.0416666666667,0.0416666666667,0.0416666666667,0.0416666666667,0.0416666666667,0.0416666666667,0.0416666666667,0.0416666666667,0.0416666666667,0.0416666666667,0.0416666666667,0.0416666666667,0.0416666666667
erwachsene_menschen,0.0386192135061,0.070151669292,0.0579288202592,0.0386192135061,0.0609160268198,0.0386192135061,0.0386192135061,0.0386192135061,0.0386192135061,0.0386192135061,0.0386192135061,0.0386192135061,0.0386192135061,0.0386192135061,0.0386192135061,0.0386192135061,0.0386192135061,0.0386192135061,0.0386192135061,0.0386192135061,0.0386192135061,0.0386192135061,0.0386192135061,0.0386192135061
gesunde_nahrung,0.0393500947355,0.0847876703118,0.0393500947355,0.0393500947355,0.0393500947355,0.0393500947355,0.0393500947355,0.0393500947355,0.0393500947355,0.0393500947355,0.0393500947355,0.0393500947355,0.0495102455076,0.0393500947355,0.0393500947355,0.0393500947355,0.0393500947355,0.0393500947355,0.0393500947355,0.0393500947355,0.0393500947355,0.0393500947355,0.0393500947355,0.0393500947355
große_mutter,0.0300071903629,0.0624186603346,0.0483827666139,0.0300071903629,0.150035951815,0.0300071903629,0.0545079586975,0.0559941795134,0.0406163342579,0.0300071903629,0.0450107855444,0.0300071903629,0.043426813856,0.0400095871506,0.0300071903629,0.0300071903629,0.0300071903629,0.0300071903629,0.0300071903629,0.0300071903629,0.0300071903629,0.0300071903629,0.0394962971359,0.0300071903629
ungeputzte_fenster,0.0411247998506,0.0411247998506,0.0411247998506,0.0411247998506,0.0411247998506,0.0411247998506,0.0411247998506,0.0411247998506,0.0411247998506,0.0411247998506,0.0411247998506,0.0411247998506,0.0411247998506,0.0411247998506,0.0411247998506,0.0411247998506,0.0411247998506,0.0411247998506,0.0411247998506,0.0411247998506,0.0411247998506,0.0411247998506,0.0541296034353,0.0411247998506
glückliche_menschen,0.0402957765106,0.0731971402572,0.0402957765106,0.0402957765106,0.0402957765106,0.0402957765106,0.0402957765106,0.0402957765106,0.0402957765106,0.0402957765106,0.0402957765106,0.0402957765106,0.0402957765106,0.0402957765106,0.0402957765106,0.0402957765106,0.0402957765106,0.0402957765106,0.0402957765106,0.0402957765106,0.0402957765106,0.0402957765106,0.0402957765106,0.0402957765106
junge_freunde,0.031137237207,0.111533237973,0.0581028756319,0.031137237207,0.0959545652181,0.031137237207,0.031137237207,0.0421459129952,0.031137237207,0.031137237207,0.031137237207,0.031137237207,0.0391768372836,0.031137237207,0.031137237207,0.0595615158681,0.031137237207,0.031137237207,0.0543455635491,0.031137237207,0.031137237207,0.031137237207,0.0409836961689,0.031137237207
alte_postkarten,0.0416666666667,0.0416666666667,0.0416666666667,0.0416666666667,0.0416666666667,0.0416666666667,0.0416666666667,0.0416666666667,0.0416666666667,0.0416666666667,0.0416666666667,0.0416666666667,0.0416666666667,0.0416666666667,0.0416666666667,0.0416666666667,0.0416666666667,0.0416666666667,0.0416666666667,0.0416666666667,0.0416666666667,0.0416666666667,0.0416666666667,0.0416666666667
dunkle_wolken,0.0377516491431,0.053163695368,0.0644460962532,0.0377516491431,0.0644460962532,0.0377516491431,0.053163695368,0.0377516491431,0.0377516491431,0.0377516491431,0.0377516491431,0.0377516491431,0.047499083038,0.0377516491431,0.0377516491431,0.0377516491431,0.0377516491431,0.0377516491431,0.0377516491431,0.0377516491431,0.0377516491431,0.0377516491431,0.0377516491431,0.0377516491431
schwere_zeiten,0.035264891098,0.0640585541062,0.035264891098,0.035264891098,0.0759852798347,0.035264891098,0.035264891098,0.035264891098,0.035264891098,0.035264891098,0.0528973366469,0.035264891098,0.035264891098,0.101761007453,0.035264891098,0.035264891098,0.035264891098,0.035264891098,0.035264891098,0.035264891098,0.035264891098,0.035264891098,0.035264891098,0.035264891098
innere_altstadt,0.0389768895884,0.0389768895884,0.0389768895884,0.0389768895884,0.0548891381304,0.0389768895884,0.0389768895884,0.0527573010571,0.0389768895884,0.0389768895884,0.0389768895884,0.0564078845226,0.0389768895884,0.0389768895884,0.0389768895884,0.0389768895884,0.0389768895884,0.0389768895884,0.0389768895884,0.0389768895884,0.0564078845226,0.0389768895884,0.0389768895884,0.0389768895884
moderne_kirche,0.0373273714674,0.0373273714674,0.0790606414786,0.0373273714674,0.0830438782346,0.0373273714674,0.0373273714674,0.0373273714674,0.0373273714674,0.0540206794719,0.0373273714674,0.0373273714674,0.0373273714674,0.0373273714674,0.0373273714674,0.0373273714674,0.0373273714674,0.0373273714674,0.0373273714674,0.0373273714674,0.0373273714674,0.0373273714674,0.0373273714674,0.0373273714674
kleine_walachei,0.0416666666667,0.0416666666667,0.0416666666667,0.0416666666667,0.0416666666667,0.0416666666667,0.0416666666667,0.0416666666667,0.0416666666667,0.0416666666667,0.0416666666667,0.0416666666667,0.0416666666667,0.0416666666667,0.0416666666667,0.0416666666667,0.0416666666667,0.0416666666667,0.0416666666667,0.0416666666667,0.0416666666667,0.0416666666667,0.0416666666667,0.0416666666667
kurzer_minirock,0.041095890411,0.041095890411,0.041095890411,0.041095890411,0.041095890411,0.041095890411,0.041095890411,0.041095890411,0.041095890411,0.041095890411,0.041095890411,0.041095890411,0.041095890411,0.0547945205479,0.041095890411,0.041095890411,0.041095890411,0.041095890411,0.041095890411,0.041095890411,0.041095890411,0.041095890411,0.041095890411,0.041095890411
alte_hof,0.036064845384,0.036064845384,0.0540972680759,0.036064845384,0.0777089417654,0.036064845384,0.0615665421174,0.06729791767,0.036064845384,0.036064845384,0.0540972680759,0.036064845384,0.036064845384,0.036064845384,0.036064845384,0.036064845384,0.036064845384,0.036064845384,0.036064845384,0.036064845384,0.036064845384,0.036064845384,0.036064845384,0.036064845384
blumen_hintergrund,0.0350294579429,0.0865914239143,0.0653658584022,0.0350294579429,0.063630890585,0.0350294579429,0.0350294579429,0.0564805324245,0.0350294579429,0.0350294579429,0.0350294579429,0.0350294579429,0.050695107778,0.0467059439239,0.0350294579429,0.0350294579429,0.0350294579429,0.0350294579429,0.0350294579429,0.0350294579429,0.0350294579429,0.0350294579429,0.0350294579429,0.0350294579429
bunte_blumen,0.0396997073649,0.0626203440987,0.0396997073649,0.0396997073649,0.0396997073649,0.0396997073649,0.0396997073649,0.0537356735093,0.0396997073649,0.0396997073649,0.0396997073649,0.0396997073649,0.0499501277298,0.0396997073649,0.0396997073649,0.0396997073649,0.0396997073649,0.0396997073649,0.0396997073649,0.0396997073649,0.0396997073649,0.0396997073649,0.0396997073649,0.0396997073649
altes_dorf,0.0416666666667,0.0416666666667,0.0416666666667,0.0416666666667,0.0416666666667,0.0416666666667,0.0416666666667,0.0416666666667,0.0416666666667,0.0416666666667,0.0416666666667,0.0416666666667,0.0416666666667,0.0416666666667,0.0416666666667,0.0416666666667,0.0416666666667,0.0416666666667,0.0416666666667,0.0416666666667,0.0416666666667,0.0416666666667,0.0416666666667,0.0416666666667
elektrische_feld,0.0416666666667,0.0416666666667,0.0416666666667,0.0416666666667,0.0416666666667,0.0416666666667,0.0416666666667,0.0416666666667,0.0416666666667,0.0416666666667,0.0416666666667,0.0416666666667,0.0416666666667,0.0416666666667,0.0416666666667,0.0416666666667,0.0416666666667,0.0416666666667,0.0416666666667,0.0416666666667,0.0416666666667,0.0416666666667,0.0416666666667,0.0416666666667
technische_probleme,0.040321333633,0.040321333633,0.040321333633,0.040321333633,0.040321333633,0.040321333633,0.040321333633,0.040321333633,0.040321333633,0.040321333633,0.040321333633,0.040321333633,0.040321333633,0.040321333633,0.040321333633,0.040321333633,0.040321333633,0.040321333633,0.040321333633,0.0545770778522,0.0583535822223,0.040321333633,0.040321333633,0.040321333633
nördlicher_polarkreis,0.0409697569485,0.0409697569485,0.0409697569485,0.0409697569485,0.0409697569485,0.0409697569485,0.0576955901835,0.0409697569485,0.0409697569485,0.0409697569485,0.0409697569485,0.0409697569485,0.0409697569485,0.0409697569485,0.0409697569485,0.0409697569485,0.0409697569485,0.0409697569485,0.0409697569485,0.0409697569485,0.0409697569485,0.0409697569485,0.0409697569485,0.0409697569485
rare_vogel,0.0555792975622,0.0410617696712,0.0410617696712,0.0410617696712,0.0410617696712,0.0410617696712,0.0410617696712,0.0410617696712,0.0410617696712,0.0410617696712,0.0410617696712,0.0410617696712,0.0410617696712,0.0410617696712,0.0410617696712,0.0410617696712,0.0410617696712,0.0410617696712,0.0410617696712,0.0410617696712,0.0410617696712,0.0410617696712,0.0410617696712,0.0410617696712
sexy_körper,0.0310475779952,0.0437226986349,0.0310475779952,0.0310475779952,0.0437226986349,0.0310475779952,0.0310475779952,0.0420245544652,0.0310475779952,0.0310475779952,0.0310475779952,0.0310475779952,0.0310475779952,0.0310475779952,0.0310475779952,0.0310475779952,0.0310475779952,0.0310475779952,0.0310475779952,0.0310475779952,0.0310475779952,0.159060021489,0.0310475779952,0.121566044866
kleine_blende,0.0403847835016,0.0403847835016,0.0403847835016,0.0403847835016,0.0568718023269,0.0403847835016,0.0403847835016,0.0403847835016,0.0403847835016,0.0403847835016,0.0403847835016,0.0403847835016,0.0403847835016,0.0403847835016,0.0403847835016,0.0403847835016,0.0403847835016,0.0403847835016,0.0403847835016,0.054662960637,0.0403847835016,0.0403847835016,0.0403847835016,0.0403847835016
berliner_mauerreste,0.0398766213043,0.0398766213043,0.0598149319565,0.0398766213043,0.0398766213043,0.0398766213043,0.0398766213043,0.0398766213043,0.0398766213043,0.0398766213043,0.0398766213043,0.0398766213043,0.0628993993487,0.0398766213043,0.0398766213043,0.0398766213043,0.0398766213043,0.0398766213043,0.0398766213043,0.0398766213043,0.0398766213043,0.0398766213043,0.0398766213043,0.0398766213043
heilige_drei,0.0375393840428,0.0528647734034,0.0375393840428,0.0375393840428,0.0906280900793,0.0375393840428,0.0375393840428,0.0375393840428,0.0375393840428,0.0375393840428,0.0563090760643,0.0375393840428,0.0375393840428,0.0375393840428,0.0375393840428,0.0375393840428,0.0375393840428,0.0375393840428,0.0375393840428,0.0375393840428,0.0375393840428,0.0375393840428,0.0494103795963,0.0375393840428
kaiserliche_marine,0.0416666666667,0.0416666666667,0.0416666666667,0.0416666666667,0.0416666666667,0.0416666666667,0.0416666666667,0.0416666666667,0.0416666666667,0.0416666666667,0.0416666666667,0.0416666666667,0.0416666666667,0.0416666666667,0.0416666666667,0.0416666666667,0.0416666666667,0.0416666666667,0.0416666666667,0.0416666666667,0.0416666666667,0.0416666666667,0.0416666666667,0.0416666666667
instant_sonne,0.0416666666667,0.0416666666667,0.0416666666667,0.0416666666667,0.0416666666667,0.0416666666667,0.0416666666667,0.0416666666667,0.0416666666667,0.0416666666667,0.0416666666667,0.0416666666667,0.0416666666667,0.0416666666667,0.0416666666667,0.0416666666667,0.0416666666667,0.0416666666667,0.0416666666667,0.0416666666667,0.0416666666667,0.0416666666667,0.0416666666667,0.0416666666667
junge_dame,0.0427416661064,0.0743333482768,0.0427416661064,0.031577377297,0.031577377297,0.031577377297,0.0444687875958,0.0427416661064,0.031577377297,0.0456992097345,0.0473660659455,0.031577377297,0.0397306210562,0.0421031697293,0.031577377297,0.0498085845797,0.0473660659455,0.031577377297,0.0421031697293,0.0473660659455,0.0456992097345,0.031577377297,0.0615343077349,0.031577377297
seltsame_früchte,0.0408163265306,0.0408163265306,0.0408163265306,0.0408163265306,0.0408163265306,0.0408163265306,0.0408163265306,0.0408163265306,0.0408163265306,0.0408163265306,0.0612244897959,0.0408163265306,0.0408163265306,0.0408163265306,0.0408163265306,0.0408163265306,0.0408163265306,0.0408163265306,0.0408163265306,0.0408163265306,0.0408163265306,0.0408163265306,0.0408163265306,0.0408163265306
echte_demokratie,0.0403906602598,0.0403906602598,0.0605859903897,0.0403906602598,0.0403906602598,0.0403906602598,0.0403906602598,0.0403906602598,0.0403906602598,0.0403906602598,0.0403906602598,0.0403906602598,0.050819483895,0.0403906602598,0.0403906602598,0.0403906602598,0.0403906602598,0.0403906602598,0.0403906602598,0.0403906602598,0.0403906602598,0.0403906602598,0.0403906602598,0.0403906602598
frohe_erwartung,0.0416666666667,0.0416666666667,0.0416666666667,0.0416666666667,0.0416666666667,0.0416666666667,0.0416666666667,0.0416666666667,0.0416666666667,0.0416666666667,0.0416666666667,0.0416666666667,0.0416666666667,0.0416666666667,0.0416666666667,0.0416666666667,0.0416666666667,0.0416666666667,0.0416666666667,0.0416666666667,0.0416666666667,0.0416666666667,0.0416666666667,0.0416666666667
harte_arbeit,0.0362242129737,0.0510126859936,0.0584069225035,0.0362242129737,0.0571382720852,0.0362242129737,0.0362242129737,0.0490314062921,0.0543363194605,0.0362242129737,0.0618385996105,0.0362242129737,0.0524241735018,0.0362242129737,0.0362242129737,0.0362242129737,0.0362242129737,0.0362242129737,0.0362242129737,0.0362242129737,0.0362242129737,0.0362242129737,0.0362242129737,0.0362242129737
