ANP,ecstasy,joy,serenity,admiration,trust,acceptance,terror,fear,apprehension,amazement,surprise,distraction,grief,sadness,pensiveness,loathing,disgust,boredom,rage,anger,annoyance,vigilance,anticipation,interest
tutti_noi,0.0191543268745,0.0581410625353,0.0850444689027,0.0366397550461,0.0640752051949,0.0383086537489,0.0326984812965,0.058409015762,0.0353426877289,0.0426134904789,0.033991204673,0.0287314903117,0.0494399768598,0.061984703829,0.0609002144632,0.0191543268745,0.0326984812965,0.0277204022654,0.0353426877289,0.0408732920633,0.0315183917066,0.0448525530472,0.0287314903117,0.0336336370004
resistenza_popolare,0.0400716244347,0.0400716244347,0.063206987589,0.0400716244347,0.0400716244347,0.0400716244347,0.0400716244347,0.0400716244347,0.0400716244347,0.0400716244347,0.0400716244347,0.0400716244347,0.0400716244347,0.0400716244347,0.0400716244347,0.0400716244347,0.0400716244347,0.0400716244347,0.0552172748468,0.0400716244347,0.0400716244347,0.0400716244347,0.0400716244347,0.0400716244347
caffe_luce,0.03210678797,0.03210678797,0.0691805133246,0.03210678797,0.03210678797,0.03210678797,0.122918497953,0.046465380058,0.0442420131651,0.03210678797,0.03210678797,0.03210678797,0.03210678797,0.046465380058,0.048160181955,0.03210678797,0.03210678797,0.046465380058,0.0531256145692,0.03210678797,0.0413752193087,0.03210678797,0.03210678797,0.03210678797
legame_affettivo,0.0377058141346,0.0519572723034,0.0377058141346,0.0530991482957,0.0377058141346,0.0377058141346,0.0377058141346,0.0615530648739,0.0377058141346,0.0377058141346,0.0377058141346,0.0377058141346,0.0530991482957,0.0377058141346,0.0377058141346,0.0377058141346,0.0377058141346,0.0377058141346,0.0377058141346,0.0377058141346,0.0377058141346,0.0496294395043,0.0377058141346,0.0519572723034
piazza_grande,0.0553487998314,0.0494694410267,0.0649257219849,0.0361743320491,0.0821609618559,0.0256874673977,0.0385312010965,0.0419336482573,0.0256874673977,0.0663029195467,0.0256874673977,0.0385312010965,0.0361743320491,0.0371752520519,0.0385312010965,0.0256874673977,0.0256874673977,0.0256874673977,0.0632900693586,0.0353964174756,0.0256874673977,0.0591798272462,0.0256874673977,0.0513749347954
massimo_torre,0.0398162796085,0.0398162796085,0.0398162796085,0.0398162796085,0.0560712076913,0.0398162796085,0.0398162796085,0.0398162796085,0.0398162796085,0.0679706409213,0.0398162796085,0.0398162796085,0.0398162796085,0.0398162796085,0.0398162796085,0.0398162796085,0.0398162796085,0.0398162796085,0.0398162796085,0.0398162796085,0.0398162796085,0.0398162796085,0.0398162796085,0.0398162796085
tutti_fratelli,0.0341817709776,0.0565589928194,0.0539166256529,0.0481364205443,0.071102303364,0.0341817709776,0.0512726564664,0.0494683236771,0.0341817709776,0.0341817709776,0.0341817709776,0.0341817709776,0.0539166256529,0.0558002211271,0.0341817709776,0.0341817709776,0.0341817709776,0.0341817709776,0.0341817709776,0.0471012660317,0.0341817709776,0.0341817709776,0.0341817709776,0.0341817709776
casa_sano,0.040171003083,0.040171003083,0.0633637425266,0.040171003083,0.040171003083,0.040171003083,0.040171003083,0.040171003083,0.040171003083,0.040171003083,0.040171003083,0.040171003083,0.040171003083,0.040171003083,0.040171003083,0.040171003083,0.040171003083,0.040171003083,0.040171003083,0.040171003083,0.040171003083,0.0528741896466,0.040171003083,0.040171003083
fiore_antico,0.0373884415291,0.0373884415291,0.0924227373208,0.0373884415291,0.0373884415291,0.0373884415291,0.0373884415291,0.0373884415291,0.0373884415291,0.0373884415291,0.0373884415291,0.0373884415291,0.0526522088665,0.0373884415291,0.0697677817012,0.0373884415291,0.0373884415291,0.0373884415291,0.0373884415291,0.0373884415291,0.0373884415291,0.0373884415291,0.0373884415291,0.0373884415291
rami_nudi,0.0398643475981,0.0398643475981,0.0398643475981,0.0398643475981,0.0398643475981,0.0398643475981,0.0398643475981,0.0398643475981,0.0398643475981,0.0398643475981,0.0398643475981,0.0398643475981,0.0398643475981,0.0398643475981,0.0680526981123,0.0398643475981,0.0398643475981,0.0398643475981,0.0398643475981,0.0549316547299,0.0398643475981,0.0398643475981,0.0398643475981,0.0398643475981
pelle_chiara,0.0361951206117,0.0361951206117,0.0361951206117,0.0361951206117,0.0692365939961,0.0361951206117,0.0361951206117,0.0685690206683,0.0555422263834,0.0361951206117,0.0361951206117,0.0361951206117,0.0509717167246,0.0361951206117,0.0542926809176,0.0361951206117,0.0361951206117,0.0361951206117,0.0361951206117,0.0498755902992,0.0361951206117,0.0361951206117,0.0361951206117,0.0361951206117
occhi_belli,0.0279516073093,0.0428923698752,0.0559032146187,0.0279516073093,0.0440894753137,0.0279516073093,0.157557878571,0.0456297559814,0.0385163218358,0.0592024543214,0.0279516073093,0.0279516073093,0.0440894753137,0.0456297559814,0.041927410964,0.0279516073093,0.0279516073093,0.0279516073093,0.0279516073093,0.0462502296366,0.0279516073093,0.0279516073093,0.0279516073093,0.0428923698752
luce_antica,0.105146120896,0.0565307483723,0.0741932711638,0.0293541169183,0.0463017242229,0.0293541169183,0.0440311753774,0.0479192905512,0.0450445524039,0.0440311753774,0.0293541169183,0.0293541169183,0.0293541169183,0.0479192905512,0.0587082338366,0.0293541169183,0.0293541169183,0.0293541169183,0.0485708973092,0.0293541169183,0.0293541169183,0.0293541169183,0.0293541169183,0.0293541169183
fortezza_vecchia,0.0390760953518,0.0390760953518,0.0550288444772,0.0390760953518,0.0550288444772,0.0390760953518,0.0390760953518,0.0693443086582,0.0390760953518,0.0390760953518,0.0390760953518,0.0390760953518,0.0390760953518,0.0390760953518,0.0390760953518,0.0390760953518,0.0390760953518,0.0390760953518,0.0390760953518,0.0390760953518,0.0390760953518,0.0390760953518,0.0390760953518,0.0390760953518
lungo_volo,0.0379060330629,0.0522331668733,0.0379060330629,0.0379060330629,0.0597910914556,0.0379060330629,0.0379060330629,0.0379060330629,0.0379060330629,0.0379060330629,0.0379060330629,0.0379060330629,0.0379060330629,0.0379060330629,0.0379060330629,0.0379060330629,0.0379060330629,0.0379060330629,0.0522331668733,0.0522331668733,0.0379060330629,0.0498929732169,0.0513078395762,0.0379060330629
sopra_castello,0.0416666666667,0.0416666666667,0.0416666666667,0.0416666666667,0.0416666666667,0.0416666666667,0.0416666666667,0.0416666666667,0.0416666666667,0.0416666666667,0.0416666666667,0.0416666666667,0.0416666666667,0.0416666666667,0.0416666666667,0.0416666666667,0.0416666666667,0.0416666666667,0.0416666666667,0.0416666666667,0.0416666666667,0.0416666666667,0.0416666666667,0.0416666666667
pensiero_fisso,0.0383842012185,0.0383842012185,0.0383842012185,0.0383842012185,0.0383842012185,0.0383842012185,0.0383842012185,0.0383842012185,0.0383842012185,0.0575763018277,0.0383842012185,0.0383842012185,0.069724770275,0.0383842012185,0.0383842012185,0.0383842012185,0.0383842012185,0.0555501378558,0.0383842012185,0.0383842012185,0.0494647656716,0.0383842012185,0.0383842012185,0.0383842012185
bosque_infinito,0.0397091663716,0.0397091663716,0.0397091663716,0.0397091663716,0.0397091663716,0.0397091663716,0.0397091663716,0.0397091663716,0.0397091663716,0.0397091663716,0.0574676454389,0.0397091663716,0.0397091663716,0.0397091663716,0.0397091663716,0.0397091663716,0.0397091663716,0.0574676454389,0.0397091663716,0.0397091663716,0.0511722153186,0.0397091663716,0.0397091663716,0.0397091663716
energia_naturale,0.0373879610626,0.0373879610626,0.0526515322504,0.0526515322504,0.0373879610626,0.0373879610626,0.0373879610626,0.0373879610626,0.0515192820626,0.0373879610626,0.0373879610626,0.0373879610626,0.0373879610626,0.0541083655579,0.056081941594,0.0373879610626,0.0373879610626,0.0373879610626,0.0373879610626,0.0373879610626,0.0481809357546,0.0492110724654,0.0373879610626,0.0373879610626
parte_inferiore,0.0346214465308,0.0346214465308,0.06288973925,0.0346214465308,0.0546101480051,0.0346214465308,0.0346214465308,0.0614391036979,0.0346214465308,0.0346214465308,0.0346214465308,0.0346214465308,0.0346214465308,0.0501046281153,0.0346214465308,0.0346214465308,0.0346214465308,0.0501046281153,0.0346214465308,0.0477071233237,0.044615797268,0.0501046281153,0.0591025061472,0.0346214465308
pieno_giorno,0.0303867424663,0.0533569606718,0.0581259162962,0.042792078131,0.0479305364091,0.0303867424663,0.0455801136995,0.0303867424663,0.0466291395248,0.0567024333804,0.0303867424663,0.0303867424663,0.0518734141225,0.0636737510622,0.070584624326,0.0303867424663,0.0303867424663,0.0303867424663,0.0466291395248,0.0418718515691,0.0303867424663,0.039995874153,0.0303867424663,0.0303867424663
sedia_antica,0.0402816848782,0.0555067306751,0.0402816848782,0.0402816848782,0.0402816848782,0.0402816848782,0.0402816848782,0.0582962020053,0.0402816848782,0.0402816848782,0.0402816848782,0.0402816848782,0.0402816848782,0.0402816848782,0.0402816848782,0.0402816848782,0.0402816848782,0.0402816848782,0.0402816848782,0.0402816848782,0.0402816848782,0.0402816848782,0.0402816848782,0.0402816848782
città_future,0.0351677472326,0.0351677472326,0.0827851020862,0.0351677472326,0.0703354944651,0.0351677472326,0.0351677472326,0.057409783519,0.0351677472326,0.0351677472326,0.0351677472326,0.0351677472326,0.0351677472326,0.057409783519,0.0527516208488,0.0351677472326,0.0351677472326,0.0351677472326,0.0351677472326,0.0351677472326,0.0351677472326,0.0462887653758,0.0351677472326,0.0351677472326
antico_portale,0.0391046206761,0.0391046206761,0.0391046206761,0.0391046206761,0.0710334097567,0.0391046206761,0.0391046206761,0.0391046206761,0.0538847780222,0.0391046206761,0.0391046206761,0.0391046206761,0.0391046206761,0.0391046206761,0.0391046206761,0.0391046206761,0.0391046206761,0.0391046206761,0.0391046206761,0.0391046206761,0.0391046206761,0.0391046206761,0.0391046206761,0.0538847780222
modella_bellissima,0.0342959539769,0.0526279124817,0.0585468556012,0.0342959539769,0.0342959539769,0.0342959539769,0.0342959539769,0.049633570866,0.0342959539769,0.0857398849422,0.0342959539769,0.0342959539769,0.0342959539769,0.0559866197959,0.0514439309653,0.0342959539769,0.0342959539769,0.0342959539769,0.0342959539769,0.0342959539769,0.0342959539769,0.0629900077412,0.0342959539769,0.0342959539769
vite_parallele,0.0379238755212,0.0379238755212,0.0534062328705,0.0379238755212,0.0379238755212,0.0379238755212,0.0379238755212,0.0379238755212,0.0379238755212,0.0568858132818,0.0379238755212,0.0379238755212,0.0534062328705,0.0379238755212,0.0379238755212,0.0379238755212,0.0379238755212,0.0548839482483,0.0379238755212,0.0379238755212,0.0488715553916,0.049916457956,0.0379238755212,0.0379238755212
carcere_abbandonato,0.0395215122896,0.0395215122896,0.0395215122896,0.0395215122896,0.0556561021184,0.0395215122896,0.0395215122896,0.0571960699002,0.0395215122896,0.0395215122896,0.0395215122896,0.0395215122896,0.0395215122896,0.0571960699002,0.0395215122896,0.0395215122896,0.0395215122896,0.0395215122896,0.0395215122896,0.0395215122896,0.0395215122896,0.0395215122896,0.0395215122896,0.0395215122896
mercato_usato,0.0396657683708,0.0396657683708,0.0396657683708,0.0396657683708,0.0396657683708,0.0396657683708,0.0396657683708,0.0574048392621,0.0396657683708,0.0396657683708,0.0396657683708,0.0396657683708,0.0396657683708,0.0574048392621,0.0396657683708,0.0396657683708,0.0396657683708,0.0396657683708,0.0396657683708,0.0396657683708,0.0396657683708,0.05220918569,0.0396657683708,0.0396657683708
casa_solitaria,0.0368837334979,0.0368837334979,0.0519414546443,0.0368837334979,0.0519414546443,0.0368837334979,0.0629644715697,0.0533786405709,0.050824474392,0.0368837334979,0.0368837334979,0.0368837334979,0.0368837334979,0.0533786405709,0.0368837334979,0.0368837334979,0.0368837334979,0.0368837334979,0.0368837334979,0.0368837334979,0.0368837334979,0.0485473941443,0.0368837334979,0.0368837334979
energia_creativa,0.0416666666667,0.0416666666667,0.0416666666667,0.0416666666667,0.0416666666667,0.0416666666667,0.0416666666667,0.0416666666667,0.0416666666667,0.0416666666667,0.0416666666667,0.0416666666667,0.0416666666667,0.0416666666667,0.0416666666667,0.0416666666667,0.0416666666667,0.0416666666667,0.0416666666667,0.0416666666667,0.0416666666667,0.0416666666667,0.0416666666667,0.0416666666667
nati_vita,0.0366014815853,0.0366014815853,0.0624826374157,0.0366014815853,0.0366014815853,0.0366014815853,0.0549022223779,0.0529701617656,0.0366014815853,0.0366014815853,0.0366014815853,0.0366014815853,0.0366014815853,0.0597502910945,0.0549022223779,0.0366014815853,0.0366014815853,0.0366014815853,0.0561657964339,0.0366014815853,0.0366014815853,0.0366014815853,0.0366014815853,0.0366014815853
luce_pace,0.0283749935662,0.050596902191,0.316031939768,0.0387609620437,0.0595328989986,0.0179890250888,0.0179890250888,0.029366283522,0.0247882374764,0.0478204483706,0.0260339616782,0.0179890250888,0.0359780501775,0.0392739266178,0.0449725627219,0.0179890250888,0.0179890250888,0.0179890250888,0.0276045634608,0.0247882374764,0.0231820093275,0.029366283522,0.0179890250888,0.0276045634608
nudo_body,0.0324819379386,0.0324819379386,0.0457426335729,0.0324819379386,0.0324819379386,0.0324819379386,0.0606121213575,0.0680641181794,0.0324819379386,0.0324819379386,0.0324819379386,0.0324819379386,0.0649638758771,0.0680641181794,0.0687978485744,0.0324819379386,0.0324819379386,0.0324819379386,0.0324819379386,0.0447589564938,0.0324819379386,0.0470083021929,0.0324819379386,0.0447589564938
ragazza_triste,0.0274818500405,0.0274818500405,0.0469144525637,0.0274818500405,0.0274818500405,0.0274818500405,0.0274818500405,0.0622439462178,0.0421715167843,0.0274818500405,0.0487691995465,0.0274818500405,0.0571656407113,0.138094162749,0.0750818105966,0.0274818500405,0.0274818500405,0.0448628981291,0.0274818500405,0.0421715167843,0.0387012683383,0.0361723740848,0.0274818500405,0.0378690130084
monte_nudo,0.0401398940669,0.0401398940669,0.0401398940669,0.0401398940669,0.0767824364608,0.0401398940669,0.0401398940669,0.0401398940669,0.0401398940669,0.0401398940669,0.0401398940669,0.0401398940669,0.0401398940669,0.0401398940669,0.0401398940669,0.0401398940669,0.0401398940669,0.0401398940669,0.0401398940669,0.0401398940669,0.0401398940669,0.0401398940669,0.0401398940669,0.0401398940669
favorite_pose,0.0384283719656,0.0384283719656,0.0541166891259,0.0384283719656,0.0384283719656,0.0384283719656,0.0384283719656,0.0627326084023,0.0384283719656,0.0384283719656,0.0384283719656,0.0384283719656,0.0384283719656,0.0384283719656,0.0384283719656,0.0384283719656,0.0384283719656,0.0556140623616,0.0384283719656,0.058969200798,0.0384283719656,0.0384283719656,0.0384283719656,0.0384283719656
belle_mente,0.0361053026388,0.0361053026388,0.0508452307178,0.0361053026388,0.0508452307178,0.0361053026388,0.0541579539582,0.0589403010285,0.0361053026388,0.0361053026388,0.0361053026388,0.0361053026388,0.0508452307178,0.0589403010285,0.0616356069715,0.0361053026388,0.0361053026388,0.0361053026388,0.0361053026388,0.0361053026388,0.0361053026388,0.0361053026388,0.0361053026388,0.0361053026388
gatto_assonnato,0.0404270900032,0.0404270900032,0.0404270900032,0.0404270900032,0.0404270900032,0.0404270900032,0.0404270900032,0.0404270900032,0.0404270900032,0.0404270900032,0.0404270900032,0.0404270900032,0.0404270900032,0.0404270900032,0.0404270900032,0.0404270900032,0.0404270900032,0.0585066342791,0.0404270900032,0.0404270900032,0.0520973856511,0.0404270900032,0.0404270900032,0.0404270900032
particolare_foglia,0.0398162796085,0.0398162796085,0.0560712076913,0.0398162796085,0.0398162796085,0.0398162796085,0.0398162796085,0.0398162796085,0.0398162796085,0.0398162796085,0.0398162796085,0.0398162796085,0.0398162796085,0.0398162796085,0.0679706409213,0.0398162796085,0.0398162796085,0.0398162796085,0.0398162796085,0.0398162796085,0.0398162796085,0.0398162796085,0.0398162796085,0.0398162796085
incidente_aereo,0.0336362114903,0.0336362114903,0.0336362114903,0.0336362114903,0.0473681373289,0.0336362114903,0.0336362114903,0.0486787825698,0.0336362114903,0.0336362114903,0.0336362114903,0.0336362114903,0.0336362114903,0.0486787825698,0.0336362114903,0.0336362114903,0.0336362114903,0.0336362114903,0.0336362114903,0.0336362114903,0.0336362114903,0.182550067726,0.0336362114903,0.0336362114903
manifestazione_precari,0.0324283102629,0.0324283102629,0.0853835191728,0.0324283102629,0.0324283102629,0.0324283102629,0.0324283102629,0.0324283102629,0.0324283102629,0.0324283102629,0.0324283102629,0.0324283102629,0.0324283102629,0.0324283102629,0.0324283102629,0.0324283102629,0.0324283102629,0.0324283102629,0.0497619712109,0.0497619712109,0.0324283102629,0.166526333147,0.0324283102629,0.0324283102629
acquario_cattolica,0.0408163265306,0.0408163265306,0.0408163265306,0.0408163265306,0.0408163265306,0.0408163265306,0.0408163265306,0.0408163265306,0.0408163265306,0.0612244897959,0.0408163265306,0.0408163265306,0.0408163265306,0.0408163265306,0.0408163265306,0.0408163265306,0.0408163265306,0.0408163265306,0.0408163265306,0.0408163265306,0.0408163265306,0.0408163265306,0.0408163265306,0.0408163265306
pesce_lesso,0.0416666666667,0.0416666666667,0.0416666666667,0.0416666666667,0.0416666666667,0.0416666666667,0.0416666666667,0.0416666666667,0.0416666666667,0.0416666666667,0.0416666666667,0.0416666666667,0.0416666666667,0.0416666666667,0.0416666666667,0.0416666666667,0.0416666666667,0.0416666666667,0.0416666666667,0.0416666666667,0.0416666666667,0.0416666666667,0.0416666666667,0.0416666666667
antica_filanda,0.0416666666667,0.0416666666667,0.0416666666667,0.0416666666667,0.0416666666667,0.0416666666667,0.0416666666667,0.0416666666667,0.0416666666667,0.0416666666667,0.0416666666667,0.0416666666667,0.0416666666667,0.0416666666667,0.0416666666667,0.0416666666667,0.0416666666667,0.0416666666667,0.0416666666667,0.0416666666667,0.0416666666667,0.0416666666667,0.0416666666667,0.0416666666667
città_sepolta,0.0409697569485,0.0409697569485,0.0409697569485,0.0409697569485,0.0576955901835,0.0409697569485,0.0409697569485,0.0409697569485,0.0409697569485,0.0409697569485,0.0409697569485,0.0409697569485,0.0409697569485,0.0409697569485,0.0409697569485,0.0409697569485,0.0409697569485,0.0409697569485,0.0409697569485,0.0409697569485,0.0409697569485,0.0409697569485,0.0409697569485,0.0409697569485
buone_vacanze,0.0389559039078,0.0389559039078,0.0707632662555,0.0389559039078,0.0389559039078,0.0389559039078,0.0389559039078,0.0389559039078,0.0389559039078,0.0584338558618,0.0389559039078,0.0389559039078,0.0389559039078,0.0389559039078,0.0389559039078,0.0389559039078,0.0389559039078,0.0389559039078,0.0389559039078,0.0389559039078,0.0389559039078,0.0389559039078,0.0527288958181,0.0389559039078
forma_strana,0.0409697569485,0.0409697569485,0.0576955901835,0.0409697569485,0.0409697569485,0.0409697569485,0.0409697569485,0.0409697569485,0.0409697569485,0.0409697569485,0.0409697569485,0.0409697569485,0.0409697569485,0.0409697569485,0.0409697569485,0.0409697569485,0.0409697569485,0.0409697569485,0.0409697569485,0.0409697569485,0.0409697569485,0.0409697569485,0.0409697569485,0.0409697569485
grande_amore,0.0326959581971,0.0890288783287,0.0670785337804,0.0431176452598,0.0678447034852,0.0310926103439,0.0207284068959,0.0452545886905,0.0285630082846,0.0704333805056,0.0299984322728,0.0207284068959,0.0414568137918,0.0611355107179,0.0659049223558,0.0207284068959,0.0207284068959,0.0338382025075,0.0285630082846,0.0574759447216,0.0310926103439,0.0353856039752,0.0207284068959,0.0363976096734
amica_dolce,0.035685171131,0.0547596974396,0.0682611264591,0.035685171131,0.035685171131,0.035685171131,0.035685171131,0.0516440648185,0.035685171131,0.0609183976255,0.035685171131,0.035685171131,0.035685171131,0.0582544550243,0.0535277566964,0.035685171131,0.035685171131,0.035685171131,0.035685171131,0.035685171131,0.0459865927102,0.035685171131,0.035685171131,0.035685171131
terra_brava,0.0369474377807,0.0369474377807,0.0520311660917,0.0369474377807,0.0369474377807,0.0369474377807,0.0369474377807,0.0369474377807,0.0369474377807,0.0630732215829,0.0369474377807,0.0369474377807,0.0369474377807,0.0369474377807,0.0369474377807,0.0369474377807,0.0554211566711,0.0369474377807,0.0509122566306,0.0509122566306,0.0369474377807,0.0486312434902,0.0369474377807,0.0509122566306
cielo_chiaro,0.0300367012012,0.0300367012012,0.147653816277,0.0300367012012,0.0300367012012,0.0300367012012,0.0300367012012,0.0680304568786,0.0300367012012,0.063618754054,0.0434695223423,0.0300367012012,0.0300367012012,0.0434695223423,0.0560492474872,0.0422991331177,0.0300367012012,0.0434695223423,0.0300367012012,0.0300367012012,0.0300367012012,0.0300367012012,0.0300367012012,0.0413895071416
stoviglie_biodegradabili,0.0398722120329,0.0398722120329,0.0398722120329,0.0829391232425,0.0398722120329,0.0398722120329,0.0398722120329,0.0398722120329,0.0398722120329,0.0398722120329,0.0398722120329,0.0398722120329,0.0398722120329,0.0398722120329,0.0398722120329,0.0398722120329,0.0398722120329,0.0398722120329,0.0398722120329,0.0398722120329,0.0398722120329,0.0398722120329,0.0398722120329,0.0398722120329
vero_vino,0.0628993993487,0.0398766213043,0.0398766213043,0.0398766213043,0.0398766213043,0.0398766213043,0.0398766213043,0.0398766213043,0.0398766213043,0.0398766213043,0.0398766213043,0.0398766213043,0.0398766213043,0.0398766213043,0.0598149319565,0.0398766213043,0.0398766213043,0.0398766213043,0.0398766213043,0.0398766213043,0.0398766213043,0.0398766213043,0.0398766213043,0.0398766213043
busto_grande,0.0381171702626,0.0381171702626,0.0536784398597,0.0381171702626,0.0381171702626,0.0381171702626,0.0381171702626,0.0381171702626,0.0381171702626,0.0381171702626,0.0381171702626,0.057175755394,0.0381171702626,0.0622245854607,0.0381171702626,0.0381171702626,0.0381171702626,0.0381171702626,0.0525241064336,0.0381171702626,0.0381171702626,0.0501708778617,0.0381171702626,0.0381171702626
antique_scale,0.0374587858371,0.0374587858371,0.107537757201,0.0374587858371,0.0374587858371,0.0374587858371,0.0374587858371,0.0542108641344,0.0516168760856,0.0374587858371,0.0374587858371,0.0374587858371,0.0374587858371,0.0374587858371,0.0374587858371,0.0374587858371,0.0374587858371,0.0374587858371,0.0374587858371,0.0374587858371,0.0374587858371,0.0374587858371,0.0374587858371,0.0374587858371
uscita_milano,0.0316322022154,0.0435880508558,0.0445459946934,0.0316322022154,0.0316322022154,0.0316322022154,0.0539995469057,0.0561344006922,0.0632644044307,0.0316322022154,0.0316322022154,0.0316322022154,0.0316322022154,0.0763668915961,0.0474483033231,0.0316322022154,0.0316322022154,0.0316322022154,0.0485403255124,0.0523403395082,0.0316322022154,0.0416351828561,0.0316322022154,0.0609179308264
galleria_sordi,0.0393661601989,0.0393661601989,0.0620942233868,0.0393661601989,0.0393661601989,0.0393661601989,0.0393661601989,0.0393661601989,0.0393661601989,0.0393661601989,0.0569712422425,0.0393661601989,0.0393661601989,0.0393661601989,0.0393661601989,0.0393661601989,0.0393661601989,0.0393661601989,0.0542451701929,0.0393661601989,0.0393661601989,0.0393661601989,0.0393661601989,0.0393661601989
maggiore_chiesa,0.0311770862353,0.0311770862353,0.0880983975964,0.0311770862353,0.141404731708,0.0311770862353,0.0311770862353,0.0508952068975,0.0311770862353,0.0467656293529,0.0311770862353,0.0311770862353,0.0311770862353,0.0311770862353,0.0311770862353,0.0311770862353,0.0311770862353,0.0311770862353,0.0429609172042,0.0429609172042,0.0311770862353,0.0451199030678,0.0311770862353,0.0429609172042
bel_caffe,0.0382412456533,0.0382412456533,0.0603198391255,0.0538531688165,0.0382412456533,0.0382412456533,0.0382412456533,0.0382412456533,0.0382412456533,0.0382412456533,0.0382412456533,0.0382412456533,0.0538531688165,0.0382412456533,0.0382412456533,0.0382412456533,0.0382412456533,0.0382412456533,0.0526950779139,0.0526950779139,0.0382412456533,0.0382412456533,0.0382412456533,0.0382412456533
spettacoli_teatrali,0.0416666666667,0.0416666666667,0.0416666666667,0.0416666666667,0.0416666666667,0.0416666666667,0.0416666666667,0.0416666666667,0.0416666666667,0.0416666666667,0.0416666666667,0.0416666666667,0.0416666666667,0.0416666666667,0.0416666666667,0.0416666666667,0.0416666666667,0.0416666666667,0.0416666666667,0.0416666666667,0.0416666666667,0.0416666666667,0.0416666666667,0.0416666666667
abbigliamento_tradizionale,0.0398218010196,0.061107449011,0.0628129285579,0.0398218010196,0.0398218010196,0.0398218010196,0.0398218010196,0.0398218010196,0.0398218010196,0.0398218010196,0.0398218010196,0.0398218010196,0.0398218010196,0.0398218010196,0.0398218010196,0.0398218010196,0.0398218010196,0.0398218010196,0.0398218010196,0.0398218010196,0.0398218010196,0.0398218010196,0.0398218010196,0.0398218010196
pelle_nuda,0.0380440988709,0.0380440988709,0.0535755371971,0.0380440988709,0.0535755371971,0.0380440988709,0.0380440988709,0.0380440988709,0.0380440988709,0.0380440988709,0.0380440988709,0.0380440988709,0.0380440988709,0.0675129311405,0.0380440988709,0.0380440988709,0.0380440988709,0.0380440988709,0.0380440988709,0.0380440988709,0.0380440988709,0.0500746992669,0.0380440988709,0.0524234166517
fuoco_sacro,0.0358874842355,0.0358874842355,0.0358874842355,0.0358874842355,0.0612637676982,0.0358874842355,0.0358874842355,0.0358874842355,0.0358874842355,0.0980464302873,0.0358874842355,0.0358874842355,0.0358874842355,0.0358874842355,0.0358874842355,0.0358874842355,0.0358874842355,0.0358874842355,0.0494516783023,0.0494516783023,0.0358874842355,0.0472361032033,0.0485756259669,0.0358874842355
sguardo_forte,0.0316123436806,0.0435606865004,0.0498637388142,0.0445180289457,0.0498637388142,0.0316123436806,0.0316123436806,0.0457498135601,0.0435606865004,0.0539656462663,0.0316123436806,0.0316123436806,0.0539656462663,0.0598872834397,0.0539656462663,0.0316123436806,0.0316123436806,0.0316123436806,0.0316123436806,0.0435606865004,0.0316123436806,0.0662419311395,0.0316123436806,0.0435606865004
grande_giro,0.0296918304406,0.0409142874858,0.0468344167382,0.0296918304406,0.0418134694587,0.0296918304406,0.050687125091,0.0526910234036,0.0409142874858,0.0445377456609,0.0296918304406,0.0296918304406,0.0539351084768,0.0526910234036,0.055405709887,0.0296918304406,0.0296918304406,0.0429704206889,0.0716824197414,0.0409142874858,0.0382631235894,0.0390812116498,0.0296918304406,0.0491296962286
pioggia_torrenziale,0.0408163265306,0.0408163265306,0.0408163265306,0.0408163265306,0.0408163265306,0.0408163265306,0.0408163265306,0.0408163265306,0.0408163265306,0.0612244897959,0.0408163265306,0.0408163265306,0.0408163265306,0.0408163265306,0.0408163265306,0.0408163265306,0.0408163265306,0.0408163265306,0.0408163265306,0.0408163265306,0.0408163265306,0.0408163265306,0.0408163265306,0.0408163265306
acqua_caldo,0.0240507622641,0.0778299015972,0.174888226141,0.0338694448427,0.0460060039594,0.0240507622641,0.0240507622641,0.0426804026065,0.0240507622641,0.0509403319306,0.0240507622641,0.0360761433961,0.0410572193537,0.0503970522985,0.0410572193537,0.0240507622641,0.0240507622641,0.0392617999076,0.0331410959487,0.0240507622641,0.0338694448427,0.0455624179973,0.0240507622641,0.0369064354473
vacca_sacra,0.0416666666667,0.0416666666667,0.0416666666667,0.0416666666667,0.0416666666667,0.0416666666667,0.0416666666667,0.0416666666667,0.0416666666667,0.0416666666667,0.0416666666667,0.0416666666667,0.0416666666667,0.0416666666667,0.0416666666667,0.0416666666667,0.0416666666667,0.0416666666667,0.0416666666667,0.0416666666667,0.0416666666667,0.0416666666667,0.0416666666667,0.0416666666667
alta_energia,0.0371104950131,0.0371104950131,0.0674110873079,0.0371104950131,0.0371104950131,0.0371104950131,0.0371104950131,0.0658561608442,0.0371104950131,0.0371104950131,0.0371104950131,0.0371104950131,0.0522607911605,0.0537068129187,0.0556657425197,0.0371104950131,0.0371104950131,0.0371104950131,0.0371104950131,0.0371104950131,0.0371104950131,0.0371104950131,0.0371104950131,0.0371104950131
santa_luce,0.0601699032055,0.0262636617207,0.0776850229118,0.0448348750222,0.105054646883,0.0448348750222,0.0262636617207,0.0380091283098,0.0262636617207,0.058429946717,0.0262636617207,0.0262636617207,0.0369857567195,0.0466074066116,0.0525273234414,0.0262636617207,0.0262636617207,0.0380091283098,0.0434572642724,0.0262636617207,0.0338453278028,0.0428742598674,0.0262636617207,0.0403021794179
ostia_antica,0.040147343496,0.040147343496,0.0565374278449,0.040147343496,0.040147343496,0.040147343496,0.040147343496,0.040147343496,0.040147343496,0.040147343496,0.040147343496,0.040147343496,0.040147343496,0.040147343496,0.0602210152439,0.040147343496,0.040147343496,0.040147343496,0.040147343496,0.040147343496,0.040147343496,0.040147343496,0.040147343496,0.040147343496
forte_luce,0.02833903488,0.0468912880886,0.073146983336,0.0447005842966,0.0447005842966,0.02833903488,0.048377758616,0.0663598399251,0.02833903488,0.02833903488,0.02833903488,0.02833903488,0.0514777599664,0.0593828922035,0.0658280542241,0.02833903488,0.02833903488,0.02833903488,0.0468912880886,0.0497613316481,0.02833903488,0.0438609635417,0.02833903488,0.0468912880886
oli_essenziali,0.0370866192099,0.0370866192099,0.0370866192099,0.0370866192099,0.0370866192099,0.0370866192099,0.0370866192099,0.0370866192099,0.0569102510267,0.0370866192099,0.0370866192099,0.0370866192099,0.0522271681014,0.0370866192099,0.0370866192099,0.0370866192099,0.0370866192099,0.0370866192099,0.0370866192099,0.0511040436953,0.0370866192099,0.0980261529785,0.0370866192099,0.0370866192099
fauna_selvatica,0.0365919339388,0.0365919339388,0.0365919339388,0.0365919339388,0.0365919339388,0.0365919339388,0.0365919339388,0.0365919339388,0.0365919339388,0.0365919339388,0.0365919339388,0.0365919339388,0.0365919339388,0.0365919339388,0.0548879009082,0.0365919339388,0.0365919339388,0.0365919339388,0.0365919339388,0.0365919339388,0.0365919339388,0.140089552438,0.0365919339388,0.0365919339388
possibile_tutto,0.024777509836,0.0435075467313,0.062625781288,0.0390828118096,0.0515402792359,0.0422978550619,0.0462354627965,0.0615284960279,0.0380216459365,0.0422978550619,0.0358583490973,0.024777509836,0.045008261901,0.0598182002879,0.0462354627965,0.024777509836,0.037166264754,0.024777509836,0.049555019672,0.051265782037,0.0407713236619,0.0422978550619,0.024777509836,0.0409981976011
bella_dance,0.034432236771,0.034432236771,0.034432236771,0.034432236771,0.034432236771,0.034432236771,0.034432236771,0.0562090953971,0.034432236771,0.034432236771,0.034432236771,0.034432236771,0.034432236771,0.0498308011785,0.034432236771,0.034432236771,0.034432236771,0.117356043898,0.034432236771,0.034432236771,0.0879593241058,0.034432236771,0.034432236771,0.034432236771
via_lunga,0.0416666666667,0.0416666666667,0.0416666666667,0.0416666666667,0.0416666666667,0.0416666666667,0.0416666666667,0.0416666666667,0.0416666666667,0.0416666666667,0.0416666666667,0.0416666666667,0.0416666666667,0.0416666666667,0.0416666666667,0.0416666666667,0.0416666666667,0.0416666666667,0.0416666666667,0.0416666666667,0.0416666666667,0.0416666666667,0.0416666666667,0.0416666666667
esaurimento_nervoso,0.0372527697071,0.0372527697071,0.0372527697071,0.0372527697071,0.0372527697071,0.0372527697071,0.0558791545607,0.0372527697071,0.0571652127003,0.0372527697071,0.0372527697071,0.0372527697071,0.0372527697071,0.0661086410423,0.0558791545607,0.0372527697071,0.0372527697071,0.0372527697071,0.0372527697071,0.0571652127003,0.0372527697071,0.0372527697071,0.0372527697071,0.0372527697071
testa_bassa,0.034251713832,0.034251713832,0.0482349174493,0.034251713832,0.0482349174493,0.034251713832,0.0584713329498,0.0559143997266,0.034251713832,0.0584713329498,0.034251713832,0.034251713832,0.034251713832,0.060782977282,0.0584713329498,0.034251713832,0.034251713832,0.034251713832,0.0525600249847,0.034251713832,0.034251713832,0.0450830567793,0.034251713832,0.034251713832
compagnia_teatrale,0.0334080267111,0.0334080267111,0.0470467965036,0.0470467965036,0.0334080267111,0.0334080267111,0.0334080267111,0.0483485504551,0.0823123702676,0.0334080267111,0.0334080267111,0.0334080267111,0.0570310689445,0.0334080267111,0.0334080267111,0.0334080267111,0.0334080267111,0.0334080267111,0.0884480494553,0.0334080267111,0.0334080267111,0.0439725723649,0.0334080267111,0.0512653681283
sorriso_aperto,0.0343765892278,0.0634301098768,0.0787565750874,0.0343765892278,0.0343765892278,0.0343765892278,0.0515648838417,0.0343765892278,0.0343765892278,0.0343765892278,0.0343765892278,0.0343765892278,0.0343765892278,0.0561182532574,0.0586845085849,0.0343765892278,0.0343765892278,0.0497502672974,0.0343765892278,0.0473697186592,0.0443002557501,0.0343765892278,0.0343765892278,0.0343765892278
elezioni_anticipate,0.0416666666667,0.0416666666667,0.0416666666667,0.0416666666667,0.0416666666667,0.0416666666667,0.0416666666667,0.0416666666667,0.0416666666667,0.0416666666667,0.0416666666667,0.0416666666667,0.0416666666667,0.0416666666667,0.0416666666667,0.0416666666667,0.0416666666667,0.0416666666667,0.0416666666667,0.0416666666667,0.0416666666667,0.0416666666667,0.0416666666667,0.0416666666667
cavallo_goloso,0.0416666666667,0.0416666666667,0.0416666666667,0.0416666666667,0.0416666666667,0.0416666666667,0.0416666666667,0.0416666666667,0.0416666666667,0.0416666666667,0.0416666666667,0.0416666666667,0.0416666666667,0.0416666666667,0.0416666666667,0.0416666666667,0.0416666666667,0.0416666666667,0.0416666666667,0.0416666666667,0.0416666666667,0.0416666666667,0.0416666666667,0.0416666666667
sorriso_meraviglioso,0.0377269118585,0.0624249731911,0.0531288591292,0.0377269118585,0.0595085545757,0.0377269118585,0.0377269118585,0.0377269118585,0.0377269118585,0.0703993759343,0.0377269118585,0.0377269118585,0.0377269118585,0.0377269118585,0.0377269118585,0.0377269118585,0.0377269118585,0.0377269118585,0.0377269118585,0.0377269118585,0.0377269118585,0.0377269118585,0.0377269118585,0.0377269118585
case_disabitate,0.040904457111,0.040904457111,0.040904457111,0.040904457111,0.040904457111,0.040904457111,0.040904457111,0.040904457111,0.040904457111,0.040904457111,0.040904457111,0.040904457111,0.040904457111,0.0591974864475,0.040904457111,0.040904457111,0.040904457111,0.040904457111,0.040904457111,0.040904457111,0.040904457111,0.040904457111,0.040904457111,0.040904457111
sguardo_cattivo,0.0349908278029,0.0349908278029,0.0349908278029,0.0349908278029,0.0349908278029,0.0349908278029,0.0652937735797,0.0571209704173,0.0349908278029,0.0349908278029,0.0506392017142,0.0349908278029,0.0349908278029,0.0506392017142,0.0349908278029,0.0349908278029,0.0349908278029,0.0506392017142,0.0482161175936,0.0614414073843,0.0450918097285,0.0460558991101,0.0349908278029,0.0349908278029
massimo_volume,0.0356684767282,0.0356684767282,0.0356684767282,0.0356684767282,0.0608898984974,0.0356684767282,0.0356684767282,0.0356684767282,0.0658138415948,0.0356684767282,0.0516199044519,0.0356684767282,0.050230071376,0.0582272021542,0.0608898984974,0.0356684767282,0.0356684767282,0.0356684767282,0.0356684767282,0.0356684767282,0.0459650790485,0.0356684767282,0.0356684767282,0.0356684767282
venaria_reale,0.0313474125238,0.0706434737427,0.053513380492,0.0313474125238,0.053513380492,0.0313474125238,0.0313474125238,0.0971022997681,0.0313474125238,0.0470211187856,0.0313474125238,0.0313474125238,0.0313474125238,0.0313474125238,0.0313474125238,0.0313474125238,0.0313474125238,0.0313474125238,0.0740667349086,0.0313474125238,0.0313474125238,0.0593853906525,0.0313474125238,0.0431956207785
nel_buio,0.046368346801,0.0255262505242,0.0630998739314,0.0359472986626,0.0584804982479,0.0255262505242,0.0435760353681,0.0765787515725,0.0448222821787,0.0510525010483,0.0255262505242,0.0255262505242,0.046368346801,0.0666860927388,0.0540654662155,0.0255262505242,0.0255262505242,0.0369419368007,0.0470998697619,0.0391706053571,0.0382893757862,0.0335983597022,0.0255262505242,0.0391706053571
antiche_mura,0.0375292530861,0.0375292530861,0.0640664424361,0.0375292530861,0.0528505065008,0.0375292530861,0.0375292530861,0.0375292530861,0.0517139774512,0.0375292530861,0.0375292530861,0.0375292530861,0.0375292530861,0.0375292530861,0.0375292530861,0.0375292530861,0.0375292530861,0.0375292530861,0.0375292530861,0.0375292530861,0.0375292530861,0.0665992875256,0.0375292530861,0.0517139774512
cucina_moderna,0.0403821094734,0.0403821094734,0.0403821094734,0.0403821094734,0.0403821094734,0.0403821094734,0.0403821094734,0.0403821094734,0.0403821094734,0.0403821094734,0.0403821094734,0.0403821094734,0.0403821094734,0.0584415378449,0.0403821094734,0.0403821094734,0.0403821094734,0.0403821094734,0.0403821094734,0.0403821094734,0.0403821094734,0.0531520537393,0.0403821094734,0.0403821094734
particolare_tavola,0.0400230555859,0.0400230555859,0.0631303775022,0.0400230555859,0.056362399608,0.0400230555859,0.0400230555859,0.0400230555859,0.0400230555859,0.0400230555859,0.0400230555859,0.0400230555859,0.0400230555859,0.0400230555859,0.0400230555859,0.0400230555859,0.0400230555859,0.0400230555859,0.0400230555859,0.0400230555859,0.0400230555859,0.0400230555859,0.0400230555859,0.0400230555859
parcheggio_disabili,0.0409697569485,0.0409697569485,0.0409697569485,0.0576955901835,0.0409697569485,0.0409697569485,0.0409697569485,0.0409697569485,0.0409697569485,0.0409697569485,0.0409697569485,0.0409697569485,0.0409697569485,0.0409697569485,0.0409697569485,0.0409697569485,0.0409697569485,0.0409697569485,0.0409697569485,0.0409697569485,0.0409697569485,0.0409697569485,0.0409697569485,0.0409697569485
chiostro_grande,0.0395228386729,0.0395228386729,0.0623413602199,0.0395228386729,0.0556579699954,0.0395228386729,0.0395228386729,0.0395228386729,0.0395228386729,0.0395228386729,0.0395228386729,0.0395228386729,0.0395228386729,0.0395228386729,0.0395228386729,0.0395228386729,0.0395228386729,0.0395228386729,0.0395228386729,0.0395228386729,0.0395228386729,0.0520210576531,0.0395228386729,0.0395228386729
vecchio_specchio,0.0367309719502,0.0367309719502,0.0579376084932,0.0367309719502,0.0367309719502,0.0367309719502,0.0367309719502,0.0651826604807,0.0367309719502,0.0367309719502,0.0367309719502,0.0367309719502,0.0367309719502,0.0531575619822,0.0550964579252,0.0367309719502,0.0367309719502,0.0367309719502,0.0367309719502,0.0367309719502,0.0367309719502,0.0367309719502,0.0367309719502,0.0707372440658
brutto_anatroccolo,0.040904457111,0.040904457111,0.040904457111,0.040904457111,0.040904457111,0.040904457111,0.040904457111,0.0591974864475,0.040904457111,0.040904457111,0.040904457111,0.040904457111,0.040904457111,0.040904457111,0.040904457111,0.040904457111,0.040904457111,0.040904457111,0.040904457111,0.040904457111,0.040904457111,0.040904457111,0.040904457111,0.040904457111
lago_vecchio,0.0347258607075,0.069451721415,0.0772561805137,0.0347258607075,0.0489026339762,0.0347258607075,0.0347258607075,0.0347258607075,0.0347258607075,0.0347258607075,0.0347258607075,0.0347258607075,0.0347258607075,0.0502557377313,0.0647993382485,0.0347258607075,0.0347258607075,0.0347258607075,0.0347258607075,0.0347258607075,0.0347258607075,0.045707142062,0.0347258607075,0.0532876140258
belle_fiore,0.0377252699822,0.0519840817702,0.0377252699822,0.0377252699822,0.0377252699822,0.0377252699822,0.0377252699822,0.0545965236122,0.0377252699822,0.0703963121514,0.0377252699822,0.0377252699822,0.0377252699822,0.0377252699822,0.0565879049733,0.0377252699822,0.0377252699822,0.0377252699822,0.0377252699822,0.0377252699822,0.0377252699822,0.0496550478311,0.0377252699822,0.0377252699822
paste_dolci,0.0406878686696,0.0406878686696,0.0641790205988,0.0406878686696,0.0406878686696,0.0406878686696,0.0406878686696,0.0406878686696,0.0406878686696,0.0406878686696,0.0406878686696,0.0406878686696,0.0406878686696,0.0406878686696,0.0406878686696,0.0406878686696,0.0406878686696,0.0406878686696,0.0406878686696,0.0406878686696,0.0406878686696,0.0406878686696,0.0406878686696,0.0406878686696
oggetto_transizionale,0.039528873,0.039528873,0.039528873,0.039528873,0.039528873,0.039528873,0.039528873,0.0572067224203,0.0606579443787,0.039528873,0.039528873,0.039528873,0.039528873,0.039528873,0.039528873,0.039528873,0.039528873,0.039528873,0.039528873,0.039528873,0.039528873,0.0520290002019,0.039528873,0.039528873
